function a=R1
a=[
0.899,-34.8805573476,-11.9601182251,46.8406755727,0.163868251254,0.34986815426,-0.513736405514
0.9,-22.728377246,-25.8126953455,48.5410725914,0.00287361253807,0.454551087811,-0.457424700349
0.901,-8.46345188368,-37.1174143469,45.5808662306,-0.159548548148,0.516247291555,-0.356698743407
0.902,6.55165836636,-44.832900999,38.2812426327,-0.308034429202,0.528666581157,-0.220632151955
0.903,20.9073872821,-48.2591337627,27.3517464806,-0.428195143303,0.489951955709,-0.0617568124058
0.904,33.265811105,-47.0864470838,13.8206359788,-0.507952660857,0.403041591347,0.104911069509
0.905,42.4677421974,-41.4156805898,-1.05206160757,-0.538809100382,0.275646975002,0.26316212538
0.906,47.631745909,-31.7575556792,-15.8741902299,-0.516888556166,0.119736095837,0.397152460329
0.907,48.2313159977,-18.9916763706,-29.2396396271,-0.443588092836,-0.0494844012917,0.493072494128
0.908,44.1581940657,-4.30937755327,-39.8488165124,-0.325663738414,-0.215072697225,0.540736435639
0.909,35.7499690964,10.8858166721,-46.6357857686,-0.174671398372,-0.360166408624,0.534837806996
0.91,23.782317313,25.1038834441,-48.886200757,-0.00578519819253,-0.46987300665,0.475658204842
0.911,9.40472954213,36.920099921,-46.3248294631,0.163880926582,-0.532971731539,0.369090804957
0.912,-5.96192051926,45.1269222195,-39.1650017002,0.317168111352,-0.543148529267,0.225980417915
0.913,-20.7720409498,48.8749518105,-28.1029108607,0.438780740081,-0.499625766257,0.0608450261755
0.914,-33.5275561359,47.7740150603,-14.2464589244,0.516866781954,-0.40709797375,-0.109768808203
0.915,-42.9426934297,41.9402153469,1.00247808285,0.544131772206,-0.275056418089,-0.269075354117
0.916,-48.0868634953,31.9848749579,16.1019885374,0.518372901532,-0.116639621095,-0.401733280437
0.917,-48.4805352781,18.9322379452,29.5482973329,0.442474196026,0.0527654619533,-0.49523965798
0.918,-44.1341798505,4.10443228568,40.0297475649,0.323927639327,0.217018769341,-0.540946408668
0.919,-35.5285083835,-11.0294522339,46.5579606173,0.174029411428,0.360650082284,-0.534679493712
0.92,-23.5464076357,-25.0047584055,48.5511660412,0.00684502340093,0.470138570152,-0.476983593553
0.921,-9.36901673589,-36.5028020629,45.8718187988,-0.161969623989,0.53501651589,-0.373046891901
0.922,5.64423151711,-44.4613752959,38.8171437788,-0.316446923545,0.54875794298,-0.232311019434
0.923,20.0801004647,-48.1576399739,28.0775395092,-0.441664199318,0.509447619439,-0.0677834201213
0.924,32.5915864196,-47.2588160889,14.6672296693,-0.525112601647,0.420130103392,0.104982498254
0.925,42.0063854472,-41.8438843603,-0.162501086896,-0.557988044861,0.288767247149,0.269220797712
0.926,47.4234472575,-32.399163418,-15.0242838395,-0.536256890191,0.127712143179,0.408544747012
0.927,48.2962130482,-19.7874797525,-28.5087332957,-0.461304138408,-0.0473575471066,0.508661685515
0.928,44.4910200807,-5.18350692689,-39.3075131538,-0.340041282299,-0.218950278938,0.558991561238
0.929,36.3191383791,10.019050542,-46.3381889211,-0.184338197724,-0.36962815822,0.553966355944
0.93,24.5314345315,24.3315919814,-48.8630265129,-0.00982503145533,-0.48394789843,0.493772929886
0.931,10.2570052125,36.3214270684,-46.5784322809,0.165822410033,-0.550221622067,0.384399212033
0.932,-5.09566264861,44.7632240275,-39.6675613789,0.324832256765,-0.561808952573,0.236976695808
0.933,-19.9825035506,48.7815956129,-28.7990920623,0.451315027826,-0.517793510378,0.066478482552
0.934,-32.8962640458,47.9559505086,-15.0596864628,0.532917967272,-0.422941853866,-0.109976113406
0.935,-42.5318315914,42.3723453492,0.159486242237,0.562000420799,-0.287019482258,-0.274980938541
0.936,-47.9320095662,32.6129780233,15.3190315429,0.536210798923,-0.123615707244,-0.412595091679
0.937,-48.5879821754,19.685557847,28.9024243284,0.45849395986,0.0513361485244,-0.509830108384
0.938,-44.4822114007,4.9020711623,39.5801402384,0.336594404696,0.221104979526,-0.557699384221
0.939,-36.0722081608,-10.2679548253,46.3401629861,0.182209504633,0.369666762818,-0.55187626745
0.94,-24.2246647653,-24.3509240042,48.5755887695,0.00989699895943,0.483041087495,-0.492938086455
0.941,-10.1121988107,-36.0134273326,46.1256261432,-0.164164604376,0.550433709462,-0.386269105086
0.942,4.90728017238,-44.1750760678,39.2677958954,-0.323508728312,0.565142007872,-0.24163327956
0.943,19.4162312156,-48.0934627193,28.6772315037,-0.452778956187,0.525223570169,-0.0724446139814
0.944,32.0588522753,-47.416501937,15.3576496616,-0.539125924854,0.433832899289,0.105293025565
0.945,41.6505262476,-42.2047126195,0.554186371918,-0.573515296148,0.299159673091,0.274355623058
0.946,47.2748673253,-32.9273803039,-14.3474870214,-0.551804058878,0.133881936045,0.417922122832
0.947,48.367337811,-20.4325085044,-27.9348293067,-0.475394565071,-0.0459240691363,0.521318634207
0.948,44.774355883,-5.88325757064,-38.8910983124,-0.351344478875,-0.222320811658,0.573665290533
0.949,36.786538614,9.33331857933,-46.1198571933,-0.191794247977,-0.377410786764,0.569205034741
0.95,25.1356625034,23.7285828855,-48.8642453889,-0.0127515905355,-0.49531926015,0.508070850686
0.951,10.9355069569,35.8624748542,-46.7979818111,0.1676522547,-0.563999857125,0.396347602425
0.952,-4.41429711642,44.4947160474,-40.080418931,0.331157713803,-0.576571134467,0.245413420665
0.953,-19.3697178473,48.7287107226,-29.3589928753,0.46140933212,-0.532026687276,0.0706173551561
0.954,-32.4152589984,48.1194820821,-15.7042230838,0.545669895822,-0.43521170214,-0.110458193682
0.955,-42.2294858166,42.7287038511,-0.4992180345,0.576041708677,-0.296130015157,-0.279911693521
0.956,-47.8335654669,33.1178214685,14.7157439984,0.550076060685,-0.128739100628,-0.421336960058
0.957,-48.6949295595,20.2803217231,28.4146078364,0.470788929595,0.0505803109717,-0.521369240567
0.958,-44.7739230174,5.52187839624,39.2520446212,0.346146207701,0.224627865997,-0.570774073698
0.959,-36.5101099871,-9.68635539824,46.1964653853,0.18818023883,0.376946965258,-0.565127204088
0.96,-24.7582438416,-23.8623400342,48.6205838757,0.0118497114867,0.493207745209,-0.505057456695
0.961,-10.68546903,-35.6597448656,46.3452138956,-0.166250289111,0.56237902105,-0.396128731939
0.962,4.35002997623,-43.982818294,39.6327883178,-0.329265912434,0.57764576315,-0.248379850717
0.963,18.9256979215,-48.07314514,29.1474472184,-0.461514350371,0.537072954008,-0.0755586036367
0.964,31.6773513116,-47.5633982438,15.8860469322,-0.549902396247,0.443930147463,0.105972248784
0.965,41.4095534646,-42.5001577404,1.09060427572,-0.585245151465,0.306609203181,0.278635948284
0.966,47.193245375,-33.340500427,-13.852744948,-0.5633463548,0.138058279877,0.425288074923
0.967,48.4498169462,-20.9224460262,-27.5273709199,-0.485653397709,-0.0453294878399,0.530982885549
0.968,45.0107662564,-6.40200442335,-38.608761833,-0.359363564135,-0.22527605517,0.584639619306
0.969,37.1518751526,8.83703456026,-45.9889097129,-0.196845198422,-0.383543881913,0.580389080335
0.97,25.5917582484,23.3043434164,-48.8961016648,-0.014404395894,-0.50395147044,0.518355866334
0.971,11.4342325736,35.552895104,-46.9871276775,0.169481300482,-0.574208685803,0.404727385321
0.972,-3.92600703225,44.3301820295,-40.4041749973,0.33619381856,-0.587284356667,0.251090538107
0.973,-18.9432513195,48.7231780508,-29.7799267314,0.469046167175,-0.542137282773,0.0730911155984
0.974,-32.0943647525,48.2687513754,-16.1743866228,0.555039805874,-0.443702175332,-0.111337630542
0.975,-42.0446317701,43.0109952918,-0.966363521776,0.586117264789,-0.302186002395,-0.283931262394
0.976,-47.7984534334,33.4969998498,14.3014535836,0.559790885221,-0.131837028001,-0.42795385722
0.977,-48.8055516601,20.7112234959,28.0943281642,0.479162824994,0.0506246660532,-0.529787491047
0.978,-45.0103658811,5.95639989829,39.0539659828,0.352390573134,0.227656093087,-0.580046666221
0.979,-36.8402105172,-9.29323021661,46.1334407338,0.191773829531,0.382496227856,-0.574270057387
0.98,-25.1425696698,-23.5476564998,48.6902261696,0.0125771211635,0.500583760824,-0.513160881988
0.981,-11.0823783377,-35.4495435011,46.5319218388,-0.168300788871,0.570747149253,-0.402446360382
