function a=S1
a=[
0.899,-15.8804516451,-34.3833345418,50.2637861869,-0.151614691328,-0.362651562332,0.51426625366
0.9,-0.00111191568423,-44.5012668115,44.5023787271,0.0111192109027,-0.464604059558,0.453484848655
0.901,15.8782212575,-50.2629512966,34.3847300391,0.173918670119,-0.52261517872,0.348696508601
0.902,30.2031130939,-51.104418955,20.9013058611,0.321397858812,-0.53075859605,0.209360737238
0.903,41.5713276483,-46.9433664809,5.37203883258,0.439277734751,-0.487583061545,0.0483053267937
0.904,48.8700968812,-38.1871933483,-10.6829035329,0.515699313381,-0.396448236316,-0.119251077066
0.905,51.3850368041,-25.6930965194,-25.6919402848,0.542477942657,-0.265457751216,-0.277020191441
0.906,48.8700545418,-10.6841362199,-38.1859183219,0.516122673638,-0.106924100742,-0.409198572896
0.907,41.5714108439,5.37049975966,-46.9419106036,0.438445714639,0.0636961642388,-0.502141878878
0.908,30.2035910567,20.8993100001,-51.1029010567,0.316618143213,0.229319446899,-0.545937590112
0.909,15.879354795,34.3822937452,-50.2616485403,0.162583191535,0.373059528282,-0.535642719817
0.91,0.000818559405891,44.4997127497,-44.5005313091,-0.00818564877574,0.480144677372,-0.471959028596
0.911,-15.8777766812,50.2612535406,-34.3834768594,-0.178364433734,0.539592739104,-0.36122830537
0.912,-30.2021792516,51.1029501641,-20.9007709124,-0.330736282376,0.545446505557,-0.214710223181
0.913,-41.5702475619,46.9423889732,-5.37214141135,-0.450078599236,0.497358137717,-0.0472795384803
0.914,-48.8691898877,38.1867899953,10.6823998924,-0.524769248677,0.400481766013,0.124287482664
0.915,-51.3844994841,25.6931673324,25.6913321517,-0.547851142504,0.264749620058,0.283101522447
0.916,-48.8699118599,10.6844609134,38.1854509465,-0.517549492564,0.103677165519,0.413872327045
0.917,-41.5715347783,-5.37016035341,46.9416951317,-0.43720637073,-0.0670902273216,0.504296598051
0.918,-30.2037770584,-20.8991130611,51.1028901195,-0.314758125219,-0.231288837089,0.546046962307
0.919,-15.879425039,-34.3822531147,50.2616781537,-0.161880750986,-0.373465833934,0.53534658492
0.92,-0.000708067862049,-44.4997007839,44.5004088518,0.0070807339788,-0.480264335511,0.473183601532
0.921,15.8779818074,-50.2610640753,34.3830822679,0.176313172939,-0.541487392869,0.36517421993
0.922,30.2022703233,-51.102397602,20.9001272788,0.329825566493,-0.550972125839,0.221146559346
0.923,41.5699755329,-46.9414037332,5.37142820027,0.452798889179,-0.507210537815,0.0544116486358
0.924,48.8683723811,-38.1854715265,-10.6829008546,0.532944314729,-0.413666453003,-0.119277861726
0.925,51.3831076848,-25.6917725802,-25.6913351046,0.561769135657,-0.278697141282,-0.283071994375
0.926,48.868104996,-10.6833292618,-38.1847757343,0.535618130992,-0.114993680875,-0.420624450117
0.927,41.5696260112,5.37071858442,-46.9403445956,0.456294041154,0.061507917911,-0.517801959065
0.928,30.2021407932,20.8989245025,-51.1010652956,0.331120777036,0.233174424212,-0.564295201248
0.929,15.8783776037,34.3813456084,-50.2597232121,0.17235510398,0.38254089769,-0.55489600167
0.93,0.000407217471802,44.4982991648,-44.4987063823,-0.00407223073282,0.49428052665,-0.490208295917
0.931,-15.8775858922,50.2595189125,-34.3819330203,-0.180272325061,0.556939020527,-0.376666695465
0.932,-30.2014117907,51.1010719696,-20.8996601789,-0.338410892482,0.564228449905,-0.225817557422
0.933,-41.5689888417,46.9405589061,-5.37157006441,-0.462665801887,0.515658808478,-0.0529930065908
0.934,-48.8675758549,38.185192668,10.6823831868,-0.54090957754,0.416455037548,0.124454539993
0.935,-51.3827011686,25.6919596738,25.6907414948,-0.565834297529,0.276826205206,0.289008092323
0.936,-48.8681154823,10.6837551027,38.1843603796,-0.53551326811,0.110735270754,0.424777997356
0.937,-41.569920469,-5.37030782126,46.9402282903,-0.453349462725,-0.0656155501014,0.518965012827
0.938,-30.2024995491,-20.8987050576,51.1012046067,-0.327533217578,-0.235368873255,0.562902090833
0.939,-15.8785986925,-34.3813483405,50.2599470331,-0.170144214856,-0.382513576722,0.552657791578
0.94,-0.000397651915824,-44.4984042419,44.4988018938,0.00397657581452,-0.493229756568,0.489253180753
0.941,15.8777641315,-50.2595136606,34.3817495291,0.178489933057,-0.556991540069,0.378501607012
0.942,30.201562604,-51.1007489992,20.8991863952,0.336902760276,-0.567458154125,0.230555393849
0.943,41.5688594551,-46.9398153642,5.37095590911,0.463959668262,-0.523094227254,0.059134558992
0.944,48.8669638553,-38.1840908115,-10.6828730438,0.547029572877,-0.427473602499,-0.119555970378
0.945,51.381545814,-25.6907241067,-25.6908217072,0.577387844497,-0.289181875583,-0.288205968914
0.946,48.8665399666,-10.6827050574,-38.1838349092,0.551268425427,-0.121235723581,-0.430032701845
0.947,41.5682064018,5.37086648489,-46.9390728867,0.470490134455,0.0600289144616,-0.530519048916
0.948,30.2010006249,20.8985888676,-51.0995894925,0.342522459087,0.236530773785,-0.579053232872
0.949,15.8776238729,34.3805653988,-50.2581892717,0.179892410716,0.390342994208,-0.570235404924
0.95,0.000109038676837,44.4971568488,-44.4972658874,-0.00109044408115,0.505703688219,-0.504613244137
0.951,-15.8774051793,50.2581331758,-34.3807279964,-0.182079455332,0.570796388151,-0.388716932819
0.952,-30.2007780298,51.099585982,-20.8988079522,-0.34474850267,0.579088325618,-0.234339822948
0.953,-41.5679748579,46.9391250577,-5.37115019971,-0.47280564033,0.529997292592,-0.0571916522617
0.954,-48.866293335,38.1839555805,10.6823377545,-0.553734776913,0.428825912067,0.124908864846
0.955,-51.3812878225,25.6910400818,25.6902477407,-0.579967759241,0.286022124564,0.293945634677
0.956,-48.8667190013,10.6832366764,38.1834823249,-0.549478077887,0.115919532716,0.43355854517
0.957,-41.5686813925,-5.3703865183,46.9390679108,-0.465740226972,-0.0648285809886,0.53056880796
0.958,-30.2015361426,-20.8983527707,51.0998889134,-0.337167281101,-0.238891743262,0.576059024363
0.959,-15.8779954797,-34.3806174222,50.2586129019,-0.176176342269,-0.38982276085,0.56599910312
0.96,-0.000198790515166,-44.4973822786,44.4975810691,0.00198796310637,-0.503449390419,0.501461427313
0.961,15.8775564486,-50.2583120893,34.3807556407,0.180566762785,-0.569007252621,0.388440489836
0.962,30.2009851654,-51.0994906178,20.8985054524,0.342677147473,-0.580041968312,0.23736482084
0.963,41.5679818936,-46.9386221841,5.37064029048,0.472735284009,-0.535026027922,0.0622907439131
0.964,48.86588034,-38.1830733219,-10.6828070181,0.557864726706,-0.437648498023,-0.120216228683
0.965,51.3803656616,-25.6899725034,-25.6903931582,0.58918936788,-0.296697907225,-0.292491460655
0.966,48.865377902,-10.6822824393,-38.1830954627,0.562889070586,-0.12546190292,-0.437427167666
0.967,41.5671727241,5.37092879912,-46.9381015232,0.480826911045,0.0594057734689,-0.540232684514
0.968,30.2001916553,20.898293826,-51.0984854813,0.350612153727,0.239481190972,-0.590093344699
0.969,15.8771131823,34.379950087,-50.2570632693,0.18499931567,0.396496113203,-0.581495428873
0.97,-5.97772323412e-005,44.4962893191,-44.4962295419,0.0005977137122,0.51437898534,-0.514976699052
0.971,-15.877223314,50.2571061038,-34.3798827898,-0.183898110119,0.581067108535,-0.397168998416
0.972,-30.2002729362,51.0985073242,-20.8982343881,-0.34979943991,0.589874903252,-0.240075463342
0.973,-41.5672073329,46.9381063282,-5.37089899525,-0.480480891081,0.540184586634,-0.0597036955534
0.974,-48.8653505971,38.1830994025,10.6822511946,-0.563162155948,0.437387691631,0.125774464317
0.975,-51.3802733761,25.6904287065,25.6898446696,-0.590112222571,0.292135875737,0.297976346834
0.976,-48.8657402929,10.6829230443,38.1828172486,-0.559265161641,0.119055852501,0.44020930914
0.977,-41.5678373001,-5.37038366113,46.9382209613,-0.474181149857,-0.0648571540613,0.539038303919
0.978,-30.2009062406,-20.8980492622,51.0989555028,-0.343466300336,-0.241926829255,0.585393129591
0.979,-15.8776323356,-34.3800597649,50.2576921005,-0.179807781585,-0.395399334978,0.575207116564
0.98,-0.000124225393126,-44.4966403701,44.4967645954,0.0012423131844,-0.510868476186,0.509626163002
0.981,15.8773512533,-50.2574699572,34.3801187038,0.182618717018,-0.577428574706,0.394809857687
