function a=S3
a=[
1.249,15.8956131376,34.4195996798,-50.3152128174,0.353868897484,0.134703079382,-0.413890798558
1.25,1.92239499617e-008,44.5477272051,-44.5477272243,0.279165805854,0.139650732586,-0.343121083296
1.251,-15.895613101,50.3152128094,-34.4195997084,0.184067731279,0.12268390672,-0.237891962365
1.252,-30.2352528597,51.1574948172,-20.9222419575,0.0779549477816,0.0922249039635,-0.115474983075
1.253,-41.6129993736,46.9895710541,-5.37657168052,-0.033563990702,0.0589626165264,0.0094864063209
1.254,-48.9216668048,38.2268381887,10.6948286161,-0.147843093339,0.0254207505836,0.13506592077
1.255,-51.4392845984,25.7196423163,25.7196422821,-0.260734753583,-0.00400796946028,0.256345395228
1.256,-48.921666817,10.6948286547,38.2268381623,-0.295227391405,-0.0584024006127,0.340381768239
1.257,-41.6152554303,-5.37686935081,46.9921247811,-0.239143726211,-0.140211979303,0.365574337459
1.258,-30.2352528916,-20.9222419215,51.1574948131,-0.14813651023,-0.216739222061,0.35062989811
1.259,-15.8956131386,-34.419599679,50.3152128176,-0.039224750471,-0.273798811457,0.29952668666
1.26,-2.02531303798e-008,-44.5477272046,44.5477272248,0.0709887967694,-0.300968374907,0.218572912684
1.261,15.8956131,-50.3152128092,34.4195997091,0.165719507331,-0.294506737968,0.118751088618
1.262,30.2352528589,-51.1574948173,20.9222419585,0.238908211963,-0.255172054392,0.00739682546975
1.263,41.6152554065,-46.9921247976,5.3768693911,0.280592175184,-0.185431198538,-0.103300957015
1.264,48.9216668045,-38.2268381894,-10.6948286151,0.286619621704,-0.0924026697683,-0.202030785712
1.265,51.4392845984,-25.7196423172,-25.7196422812,0.257335687986,0.01414275297,-0.279200711362
1.266,48.9216668173,-10.6948286557,-38.2268381616,0.194718996915,0.123264925307,-0.325709671281
1.267,41.6152554309,5.37686934981,-46.9921247807,0.106373788716,0.222667268509,-0.336907738428
1.268,30.2352528925,20.9222419205,-51.157494813,0.00222863258013,0.301804346134,-0.311460811335
1.269,15.8956131395,34.4195996783,-50.3152128178,-0.106235960546,0.351907556364,-0.252170235539
1.27,2.1266216283e-008,44.5477272041,-44.5477272253,-0.206820741904,0.367376491191,-0.16636032565
1.271,-15.8956130991,50.3152128089,-34.4195997099,-0.288870201522,0.34720392239,-0.063490594447
1.272,-30.235252858,51.1574948174,-20.9222419594,-0.343894087704,0.293989739515,0.0451944098208
1.273,-41.6152554059,46.992124798,-5.37686939211,-0.366621501083,0.213919254984,0.148218134352
1.274,-48.9216668042,38.2268381901,10.6948286141,-0.355537194833,0.115714460616,0.235440400731
1.275,-51.4392845984,25.7196423181,25.7196422803,-0.312390106204,0.00942412583425,0.298630305041
1.276,-48.9216668176,10.6948286567,38.2268381609,-0.242136584618,-0.0947051958209,0.332484322335
1.277,-41.6152554315,-5.3768693488,46.9921247803,-0.151730059239,-0.186963791407,0.334580076831
1.278,-30.2352528933,-20.9222419196,51.1574948129,-0.0497868373688,-0.259013280717,0.305111630497
1.279,-15.8956131405,-34.4195996775,50.315212818,0.0542881396153,-0.304936395089,0.247313774055
1.28,-2.22751115565e-008,-44.5477272036,44.5477272258,0.151079360589,-0.320650906885,0.166589834543
1.281,15.8956130981,-50.3152128087,34.4195997106,0.231733801575,-0.304590507434,0.0701370423931
1.282,30.2352528572,-51.1574948175,20.9222419603,0.288530423782,-0.258181644841,-0.0329214700688
1.283,41.6152554053,-46.9921247984,5.37686939312,0.316009011656,-0.185634898853,-0.132863562729
1.284,48.9216668039,-38.2268381907,-10.6948286131,0.311079588875,-0.0937066148927,-0.219812361857
1.285,51.4392845984,-25.7196423189,-25.7196422795,0.273800802564,0.00861960987256,-0.284842427069
1.286,48.9216668179,-10.6948286577,-38.2268381602,0.207810578662,0.110862040035,-0.320961683004
1.287,41.6152554321,5.3768693478,-46.9921247799,0.119813395878,0.202290974503,-0.324192949165
1.288,30.2352528941,20.9222419187,-51.1574948128,0.0191644664855,0.273092151216,-0.294163733741
1.289,15.8956131414,34.4195996768,-50.3152128182,-0.0834241231626,0.315959769943,-0.234252094502
1.29,2.32881974596e-008,44.5477272031,-44.5477272264,-0.177056920338,0.326589126492,-0.151098825734
1.291,-15.8956130971,50.3152128085,-34.4195997114,-0.252009135059,0.304380752053,-0.0538464352857
1.292,-30.2352528564,51.1574948176,-20.9222419612,-0.300970914698,0.252426902663,0.0471286117074
1.293,-41.6152554047,46.9921247989,-5.37686939412,-0.319673195444,0.176751437666,0.141546403362
1.294,-48.9216668035,38.2268381914,10.6948286121,-0.3071500495,0.0855698863561,0.220229674704
1.295,-51.4392845984,25.7196423198,25.7196422786,-0.265555501867,-0.0118162050901,0.276093544939
1.296,-48.9216668183,10.6948286587,38.2268381596,-0.199669736476,-0.106072417176,0.304561027354
1.297,-41.6152554327,-5.37686934679,46.9921247795,-0.116200983368,-0.188598655173,0.303711973117
1.298,-30.2352528949,-20.9222419178,51.1574948127,-0.0230713659598,-0.252167981239,0.274254605072
1.299,-15.8956131424,-34.419599676,50.3152128184,0.0712108556462,-0.291309530436,0.219198499172
1.3,-2.42971384205e-008,-44.5477272026,44.5477272269,0.158141068781,-0.302634226527,0.143648631076
1.301,15.8956130962,-50.3152128083,34.4195997121,0.229779143807,-0.285041021045,0.0544565847133
1.302,30.2352528556,-51.1574948177,20.9222419622,0.279333510795,-0.239911767927,-0.0401984220047
1.303,41.6152554041,-46.9921247993,5.37686939513,0.301767292984,-0.171162369299,-0.131360000298
1.304,48.9216668032,-38.2268381921,-10.6948286111,0.294472883921,-0.085147930719,-0.210040522961
1.305,51.4392845984,-25.7196423207,-25.7196422777,0.257723821242,0.00975903499339,-0.268150494884
1.306,48.9216668186,-10.6948286597,-38.2268381589,0.194901707994,0.103943397538,-0.299464384529
1.307,41.6152554333,5.37686934579,-46.9921247791,0.112338921969,0.187589343376,-0.300491734651
1.308,30.2352528957,20.9222419168,-51.1574948126,0.0186753165542,0.251869161444,-0.271060472438
1.309,15.8956131434,34.4195996753,-50.3152128186,-0.0761519049838,0.2900823028,-0.214413452638
1.31,2.53102243236e-008,44.5477272021,-44.5477272274,-0.162148065581,0.298518606877,-0.136828948741
1.311,-15.8956130952,50.3152128081,-34.4195997129,-0.230517087433,0.276859926475,-0.0467819454474
1.312,-30.2352528548,51.1574948179,-20.9222419631,-0.274685716829,0.228085129954,0.0461775174846
1.313,-41.6152554035,46.9921247997,-5.37686939613,-0.290921647189,0.15789773887,0.132622480921
1.314,-48.9216668029,38.2268381928,10.6948286102,-0.278551804113,0.0738882880415,0.204286053742
1.315,-51.4392845984,25.7196423216,25.7196422768,-0.239718527688,-0.0154539793101,0.254820195964
1.316,-48.9216668189,10.6948286607,38.2268381582,-0.178864390972,-0.101641605998,0.280184262533
1.317,-41.6152554339,-5.37686934478,46.9921247787,-0.102124132924,-0.176914557367,0.278743581136
1.318,-30.2352528965,-20.9222419159,51.1574948125,-0.0167053292531,-0.234756896273,0.251186214524
1.319,-15.8956131443,-34.4195996745,50.3152128188,0.0696847216154,-0.270217807517,0.200272027861
1.32,-2.63227288909e-008,-44.5477272016,44.5477272279,0.149319924887,-0.280200111663,0.130631754455
1.321,15.8956130943,-50.3152128079,34.4195997136,0.214938992143,-0.263657860944,0.0484814813321
1.322,30.235252854,-51.157494818,20.922241964,0.260286464638,-0.22180922648,-0.0387027873736
1.323,41.6152554029,-46.9921248001,5.37686939714,0.280689382187,-0.158205294414,-0.122697663519
1.324,48.9216668026,-38.2268381934,-10.6948286092,0.273687872596,-0.0786785815866,-0.195209687842
1.325,51.4392845984,-25.7196423224,-25.719642276,0.239502699006,0.00905574949324,-0.248741828952
1.326,48.9216668192,-10.6948286617,-38.2268381575,0.18125037353,0.096102426607,-0.277521219619
1.327,41.6152554345,5.37686934378,-46.9921247783,0.104791575316,0.173370686879,-0.278319836388
1.328,30.2352528974,20.922241915,-51.1574948124,0.0181368998391,0.232711757995,-0.250997388102
1.329,15.8956131453,34.4195996738,-50.3152128191,-0.0695162380984,0.267959704427,-0.198584055808
1.33,2.73358604813e-008,44.547727201,-44.5477272284,-0.148956951311,0.275737638988,-0.126913980039
